10
100
1000
1001
1003
1004
1005
1007
1008
101
1011
1012
1013
1014
1015
102
1020
1021
1022
1023
1025
1027
103
1031
1032
1034
1043
1053
106
1061
107
1073
1074
108
1082
1098
1099
11
110
1100
1101
1102
1103
1104
111
1111
1113
1114
1115
112
113
114
115
116
118
119
12
120
13
130
131
132
133
134
137
138
139
140
141
142
143
144
145
15
153
154
155
156
159
16
160
161
165
167
168
17
171
173
174
175
176
177
178
179
18
181
182
183
20
201
212
214
216
218
219
220
222
223
224
225
226
228
229
233
234
235
236
237
238
24
241
242
244
245
246
247
248
253
255
257
258
259
260
261
262
264
266
267
268
269
270
271
272
273
278
28
281
282
286
287
288
289
29
290
291
292
293
3
301
302
310
315
325
326
33
331
332
339
340
341
343
344
345
346
347
349
350
351
353
356
358
359
360
361
362
363
365
367
368
369
371
372
375
380
381
382
384
388
389
39
390
392
393
394
395
396
4
400
401
404
405
406
407
409
410
412
413
414
416
417
418
422
423
425
43
434
435
436
439
44
440
442
443
444
448
450
451
456
458
46
464
465
466
468
469
47
470
473
474
475
479
48
480
481
490
491
494
495
497
498
499
5
50
500
501
505
518
520
521
522
526
527
528
531
533
537
538
540
541
545
547
548
549
551
552
553
554
555
557
558
559
560
561
564
565
566
567
568
569
571
574
575
576
577
578
579
580
582
583
585
589
590
592
593
6
60
604
605
606
609
61
610
611
612
613
614
617
618
619
620
623
624
625
627
628
63
632
637
64
647
648
649
65
652
653
654
655
656
657
658
66
660
663
665
666
669
67
679
68
684
689
69
690
693
694
696
7
70
702
704
705
706
707
708
709
71
710
711
718
719
72
723
724
725
728
729
73
732
733
734
74
743
75
76
77
78
79
796
8
80
81
823
824
825
827
828
83
830
831
839
841
842
843
854
86
87
872
878
888
889
892
893
894
896
897
898
9
901
903
905
906
907
908
91
910
911
912
913
914
915
919
92
921
924
928
929
93
930
934
936
938
939
94
940
941
942
943
946
948
95
951
953
954
955
956
957
958
96
960
961
962
963
964
965
974
975
976
978
979
980
981
983
985
987
988
989
990
991
992
993
994
995
996
997
998
999
